¼΢ݻȡı
4465072833782377
4465030974548660
4464718007434988
4464414410960926
4464322556216760
4464311235805095
4464042032688323
4463959787111854
4463933941458050
4463931227139746
4463514829596182
4477334549511310
4477286931448281
4476986405402018
4476506270746727
4476123218318766
4475838055533667
4475809425633860
4475615434126984
4475541480229862
4475278753960687
4472543605563575
4472286227119310
4471256960902025
4487929362031280
4487924328772959
4487897476053029
4487879030213301
4487817206303554
4487567057332434
4486989250683826
4485898211098535
4485201486854991
4484233143353765
4484124683658838
4483134613148754
4482488212336431
4482118631648342
4481911487112855
4481307155498122
4480857789854924
4479187253369343
4479177443057531
4479162708315277
4479147059781369
4478081366602431
4478055126475231
4466853160631525
4477622131820925
4498970921075617
4498356057448429
4464992189076545
4497262858665735
4463813371671329
4495802497846239
4495690287932621
4477234150769596
4495564668014682
4495540933113785
4495521890390782
4477218942215186
4495499241317976
4495479104707160
4495474071144350
4495451153818163
4477094384087176
4495444157704194
4495425161988189
4477080949038056
4477061961652661
4495383474718927
4476951991584429
4476947562518665
4476910249711925
4495354533951793
4495348250232241
4495338175936099
4495333146829349
4476890225863293
4495323303176559
4495195301089469
4495181770897737
4476866377039449
4476720537581221
4476702413823336
4476640828895826
4476638882666538
4476579415887918
4476559249261246
4476550428460414
4476535581141622
4476532996715776
4476523333073341
4476506648168780
4476505817703925
4476384023659020
4476369319220545
4476360666097203
4476319926174769
4476314540688022
4476296954091644
4476265371424382
4476150275421640
4476142049882382
4476105815892108
4475945316392312
4475865448845031
4475840726995737
4475826147782817
4475798016891097
4475766027111541
4475716391309828
4475628285591686
4475609432098491
4475586758062588
4475576528236515
4475567741056469
4475556168812157
4475515383220181
4475511402838033
4475471658391977
4495146336837505
4495139848414853
4495138355660823
4475445691295438
4495118281546568
4495104004318878
4475421330720660
4495093455120047
4475237867777286
4495051788752751
4495027839145565
4495016464666300
4495000228150032
4494977008645649
4475183580195900
4475141356722889
4494967793799799
4494963192156936
4494959220989791
4494832649385161
4475130023968151
4475115431380458
4494794036091848
4475076474536881
4474917069822057
4494789518864540
4494783907547148
4494769428004044
4494706199624067
4494294465583554
474011238685631
4473232390635977
4472268522888534
4493234317808609
4492906683675010
4492809388240686
4470852231439385
4470758191030218
4492587291527348
4492228435203654
4492182386144484
4469857791330409
4469719409076570
4492069126615040
4469256614218852
4469038904670617
4468988250123071
4490835506965524
4474011238685631
4488479070822313
4485095073428475
4484663026677283
4509816132932716
4478487098621190
4506670237932515
4506194829400739
4477556524513386
4495432958606384
4493540237360709
4493203614774859
4504597961470858
4504574616261009
4504056423025311
4504540952475481
4502389640401395
4455604733002887
4466938900203766
4501547843339724
4501357685753531
4500836954734620
4466394982323634
4466087675016741
4499843580034838
4521439942060974
4520756916327169
4520145705786678
4520110579253102
4465292870619036
4518191534253908
4465113459829136
4465091506641563
4464977342046428
4464544242389131
4464537417755394
4464399714482845
4464171435475351
4466505955553959
4463999581813000
4463890446636003
4465655883348092
4463869957241358
4465441303389526
4463860167570547
4463819181431413
4464716325528846
4464653876784853
4464545941039420
4463447876223879
4463270943699668
4462922329437457
4462865467436578
4462778922488389
4477366254183083
4473662126137675
4477221298912455
4476936036345194
4476930374339770
4476681807341330
4472156328713766
4476333172587067
4475595587443456
4475534912203992
4475224714238792
4474330253453345
4467147558340481
4471823595172876
4484175681708938
4470796682570506
4469361441839529
4469251328628315
4469081254447416
4496151585415592
4489762603330525
4489661269652309
4489609054987743
4505493425455801
4495373244735127
4504818464621487
4504411051040665
4503115960000859
4517859756061246
4517534269674955
4517100973210352
4516723007421478
4493652640208439
4512540669020683
4492818762834792
4511049703372309
4492583173000173
4492089180320622
4491755317909763
4466826358052349
4466825251378830
4477419915989112
4477345589515521
4477067775203404
4477082048455644
4476951748309925
4476892017557396
4476572070881611
4476549103071617
4499189679806839
4499080116215974
4498358586966127
4497848399988829
4521389136086517
4475525882047851
4520829675573758
4475458018595694
4520776412492720
4475441493002571
4520340434487032
4520136784982635
4474798682394979
4474538433799982
4474447426195423
4474383403717769
4488220794944925
4473991953264899
4487761283755560
4473396782073638
4487158230582807
4486783489949355
4486518397991470
4472846740547511
4486448625797277
4472838691709277
4472714591178760
4472661608410209
4486306148942638
4485741394081098
4471946018661499
4485529296695684
4485354893122690
4485281740931450
4471879437885312
4484966265738688
4484899442371194
4484877623861731
4484854810416585
4484801459598629
4484602553247175
4484553215310222
4471450301989163
4471430546454669
4484096120305333
4484079883768115
4470929150991442
4483721010963093
4483542854060306
4470557569095177
4483229820567095
4483123456669846
4482999007861234
4470080223612391
4470038960112048
4470017704260321
4482810779813011
4469809444408189
4482770548338962
4482392955649597
4482320662633075
4469096403707292
4480221837719840
4478785912595024
4478100026512008
4498630897633482
4477696572689149
4495113663564266
4495821649274162
